10
37
0.830398	0.505223	8.44186
0.811738	0.518581	8.42317
0.794174	0.531133	8.40551
0.782433	0.539506	8.39366
0.761616	0.554181	8.37256
0.739953	0.569405	8.35055
0.734911	0.572887	8.3454
0.713792	0.587831	8.32384
0.710643	0.590058	8.32061
0.687431	0.606466	8.29608
0.670543	0.613471	8.27329
0.642652	0.619157	8.23573
0.624795	0.623277	8.21045
0.607492	0.627154	8.18537
0.604464	0.627801	8.18092
0.587747	0.631215	8.156
0.58614	0.631509	8.15356
0.566645	0.634694	8.12353
0.549898	0.636179	8.09664
0.541825	0.635852	8.08298
0.526368	0.634359	8.0563
0.510279	0.631126	8.0285
0.495353	0.627231	8.00338
0.476396	0.621353	7.97302
0.456054	0.614427	7.94226
0.450705	0.612527	7.93466
0.427331	0.60401	7.90238
0.40557	0.595966	7.87608
0.380754	0.586401	7.8486
0.37548	0.58449	7.84364
0.357403	0.576863	7.82439
0.321892	0.566818	7.81
0.27077	0.551187	7.78875
0.236464	0.539167	7.78414
0.156902	0.506475	7.7729
0.100767	0.475298	7.76939
0.0487772	0.456953	7.79158
3
0.0487772	0.456953	7.79158
0.0145821	0.419791	7.77009
-0.0538149	0.376068	7.7788
38
0.0487772	0.456953	7.79158
0.0516638	0.485455	7.83228
0.0611897	0.515006	7.86969
0.0847241	0.539266	7.88903
0.0920751	0.551522	7.90428
0.110455	0.581527	7.94175
0.125615	0.613037	7.99118
0.137724	0.627594	8.01534
0.148616	0.644186	8.04804
0.16587	0.6658	8.09424
0.186368	0.688951	8.14935
0.20061	0.702014	8.1864
0.216799	0.715097	8.22775
0.231071	0.725164	8.26288
0.245917	0.732407	8.29603
0.249392	0.733826	8.30354
0.267475	0.738381	8.33906
0.274056	0.739235	8.35085
0.292545	0.740453	8.38253
0.308538	0.740531	8.40861
0.326434	0.739508	8.43641
0.331907	0.739011	8.44467
0.350305	0.737103	8.47217
0.37307	0.733561	8.50485
0.380692	0.732191	8.51558
0.405302	0.72752	8.55003
0.430622	0.721922	8.58465
0.451043	0.716601	8.61196
0.470019	0.71092	8.63677
0.483898	0.705789	8.65414
0.510174	0.695046	8.6862
0.52587	0.688028	8.70482
0.551125	0.676213	8.73407
0.57298	0.665697	8.75906
0.594117	0.65538	8.7832
0.60405	0.650497	8.79454
0.62482	0.64022	8.81827
0.645764	0.629852	8.84218
36
-0.122388	0.0738134	7.39446
-0.153855	0.027141	7.41735
-0.178059	-0.0143956	7.42424
-0.191332	-0.0367439	7.4293
-0.216684	-0.0866478	7.44765
-0.229366	-0.111865	7.45739
-0.248459	-0.149816	7.4728
-0.269541	-0.194075	7.48975
-0.277204	-0.276777	7.54392
-0.274976	-0.307644	7.55965
-0.272182	-0.330048	7.57856
-0.267425	-0.360903	7.60224
-0.263027	-0.387852	7.62546
-0.258475	-0.422171	7.65528
-0.253192	-0.457972	7.68898
-0.249657	-0.481233	7.70938
-0.248867	-0.486397	7.71393
-0.244897	-0.507538	7.73162
-0.243	-0.516101	7.74898
-0.239407	-0.532916	7.78255
-0.234437	-0.551898	7.82654
-0.226917	-0.57806	7.89071
-0.219809	-0.602242	7.95138
-0.212545	-0.625972	8.01401
-0.207932	-0.640925	8.05488
-0.204019	-0.653814	8.09046
-0.199716	-0.66862	8.13101
-0.194771	-0.688022	8.18219
-0.189945	-0.714593	8.24776
-0.189051	-0.725266	8.27139
-0.188771	-0.736178	8.2939
-0.188787	-0.749449	8.31929
-0.189243	-0.764476	8.34641
-0.190223	-0.785038	8.38303
-0.190489	-0.790218	8.39223
-0.191262	-0.803546	8.4156
11
-0.122388	0.0738134	7.39446
-0.110754	0.122679	7.44709
-0.10826	0.134975	7.46201
-0.100506	0.168307	7.49915
-0.0942223	0.200761	7.53866
-0.088065	0.230671	7.57658
-0.0781853	0.260398	7.61385
-0.0730202	0.27564	7.63319
-0.0669678	0.295855	7.65952
-0.0510952	0.332136	7.7012
-0.0538149	0.376068	7.7788
103
-0.122388	0.0738134	7.39446
-0.103	0.0762352	7.32987
-0.0928588	0.0660787	7.27447
-0.0844255	0.0568625	7.22715
-0.079225	0.0514889	7.19856
-0.0729598	0.0449315	7.16427
-0.062095	0.036043	7.11239
-0.0522274	0.0293964	7.06738
-0.045612	0.0246546	7.03633
-0.0344298	0.0170561	6.98354
-0.0206897	0.00737372	6.91727
-0.00608225	-0.004676	6.83413
-0.00376074	-0.0106259	6.79369
-0.00299328	-0.0135533	6.76537
-0.00349524	-0.0189985	6.71788
-0.0046649	-0.0225465	6.68195
-0.00700333	-0.026204	6.63991
-0.0146733	-0.0347617	6.55097
-0.0175964	-0.0358561	6.49646
-0.0193626	-0.0353742	6.44992
-0.0205991	-0.0353163	6.43088
-0.0242274	-0.033625	6.36304
-0.0300821	-0.0303424	6.27091
-0.0342322	-0.0271015	6.19842
-0.0402756	-0.0210293	6.08326
-0.0418186	-0.0194245	6.05347
-0.0453621	-0.0155727	5.98447
-0.0478386	-0.0112085	5.92285
-0.0485311	0.00280689	5.72576
-0.0478621	0.00704251	5.66594
-0.0467269	0.0111296	5.60678
-0.046111	0.0133613	5.57448
-0.0445582	0.0190686	5.49186
-0.0418129	0.0289699	5.34858
-0.0381744	0.0419818	5.16021
-0.0362838	0.0485734	5.0645
-0.0349463	0.0531842	4.99741
-0.0338347	0.0592056	4.91549
-0.0335797	0.0636205	4.86063
-0.0319357	0.0749812	4.71135
-0.0309626	0.0802872	4.64238
-0.0300273	0.0840341	4.59364
-0.0291949	0.0873734	4.5502
-0.0280862	0.0918348	4.49217
-0.0248288	0.102157	4.35755
-0.0255123	0.10971	4.27526
-0.0174159	0.119795	4.1695
-0.014735	0.124461	4.12247
-0.0134993	0.126773	4.09931
-0.0104975	0.131951	4.04714
-0.00735604	0.138427	3.98338
-0.00491594	0.142115	3.94699
-0.00176183	0.148195	3.88895
0.00310922	0.152258	3.84726
0.00587528	0.155155	3.81851
0.00727465	0.158109	3.7918
0.00826585	0.160923	3.76727
0.0104352	0.16593	3.72311
0.0137773	0.173605	3.65542
0.0146693	0.175727	3.63673
0.0165419	0.180383	3.59579
0.019952	0.189213	3.51732
0.0201975	0.191467	3.49023
0.0207931	0.196031	3.44347
0.0203186	0.199301	3.41491
0.0188482	0.204306	3.37318
0.0154141	0.206281	3.34641
0.0187229	0.206858	3.3144
0.0257386	0.205818	3.2776
0.0256755	0.206229	3.24902
0.0219372	0.20686	3.21111
0.0225435	0.203313	3.18101
0.0209666	0.200669	3.15692
0.0243338	0.196574	3.12164
0.0246449	0.189751	3.07237
0.0251253	0.184932	3.03619
0.0243128	0.177809	2.98378
0.020575	0.165442	2.88758
0.0188553	0.160143	2.84618
0.0172939	0.155145	2.80881
0.0133316	0.149074	2.75561
0.00404094	0.135841	2.63913
0.000196139	0.131399	2.59751
-0.004808	0.125667	2.54359
-0.020449	0.109226	2.3847
-0.033027	0.0965891	2.26072
-0.043751	0.0863697	2.15885
-0.0502939	0.0803241	2.098
-0.0565423	0.0748301	2.04221
-0.0621809	0.070067	1.99368
-0.0734568	0.0610567	1.90093
-0.0776675	0.0576252	1.86661
-0.0890885	0.0480597	1.77585
-0.105481	0.0337465	1.64784
-0.114516	0.0248032	1.57892
-0.123104	0.0159402	1.51395
-0.129768	0.00816779	1.46395
-0.13316	0.00385654	1.43867
-0.136575	-0.000972613	1.41331
-0.14003	-0.00608892	1.38781
-0.146311	-0.0157182	1.34155
-0.153557	-0.0273432	1.28842
-0.158269	-0.035011	1.25392
5
-0.0538149	0.376068	7.7788
-0.0921227	0.383568	7.83846
-0.111105	0.393945	7.8797
-0.119301	0.401643	7.90421
-0.149295	0.403982	7.95199
44
-0.609006	0.585942	9.17798
-0.594642	0.572901	9.14598
-0.583021	0.564473	9.11429
-0.57141	0.556063	9.08033
-0.562318	0.54946	9.05032
-0.555103	0.544212	9.02156
-0.548507	0.539401	8.9918
-0.545243	0.537022	8.97372
-0.539216	0.53246	8.93417
-0.534233	0.528394	8.89618
-0.531225	0.525801	8.87187
-0.528243	0.523163	8.84704
-0.524174	0.519464	8.81284
-0.52045	0.516072	8.78155
-0.51688	0.512734	8.75187
-0.516495	0.512388	8.74866
-0.513093	0.509136	8.72117
-0.512436	0.50852	8.71628
-0.509053	0.505165	8.69155
-0.50471	0.500589	8.66252
-0.498277	0.493145	8.62187
-0.495545	0.489787	8.60831
-0.490923	0.483888	8.58623
-0.489906	0.482624	8.58181
-0.484997	0.476296	8.55863
-0.477445	0.466393	8.52862
-0.475973	0.464445	8.5228
-0.466518	0.452123	8.48734
-0.454585	0.436995	8.44613
-0.441987	0.421908	8.40643
-0.427779	0.406434	8.36556
-0.41242	0.39181	8.32591
-0.40905	0.388789	8.31724
-0.396506	0.378002	8.28591
-0.380644	0.366371	8.25286
-0.365481	0.357521	8.22642
-0.353039	0.349607	8.20008
-0.318163	0.354825	8.1541
-0.299912	0.358137	8.12608
-0.277907	0.359056	8.0842
-0.256418	0.363662	8.05388
-0.221851	0.376555	8.01699
-0.196753	0.387182	7.99448
-0.149295	0.403982	7.95199
38
0.0315547	0.837816	9.28454
0.0338369	0.840619	9.28068
0.0241961	0.827662	9.25556
0.0176121	0.822197	9.23102
0.0118377	0.826318	9.20065
0.00652415	0.823031	9.17375
0.00173002	0.816122	9.1294
-0.00117811	0.813308	9.10666
-0.00459755	0.810179	9.08279
-0.00603408	0.808874	9.07296
-0.0087543	0.80658	9.05552
-0.0154636	0.801252	9.01531
-0.0228788	0.795758	8.97503
-0.0255619	0.793758	8.96142
-0.0323614	0.788695	8.92731
-0.0395462	0.783137	8.89175
-0.049351	0.775189	8.84291
-0.0591799	0.76673	8.79314
-0.0672529	0.759294	8.75123
-0.0751626	0.751351	8.70861
-0.0820823	0.743759	8.66969
-0.0868768	0.737669	8.6404
-0.0901748	0.732554	8.6177
-0.0937202	0.724485	8.58655
-0.0958877	0.718634	8.56511
-0.098392	0.708737	8.5325
-0.100687	0.696906	8.49673
-0.103224	0.682224	8.45528
-0.106406	0.660261	8.39903
-0.109288	0.639728	8.35035
-0.113252	0.611661	8.29044
-0.117339	0.584242	8.2367
-0.122351	0.555309	8.18874
-0.125333	0.534648	8.15903
-0.130155	0.513385	8.12724
-0.136682	0.475438	8.06307
-0.137635	0.434522	7.9865
-0.149295	0.403982	7.95199
38
-0.149295	0.403982	7.95199
-0.149295	0.403982	7.95199
-0.149295	0.403982	7.95199
-0.149295	0.403982	7.95199
-0.149295	0.403982	7.95199
-0.149295	0.403982	7.95199
-0.149295	0.403982	7.95199
-0.149295	0.403982	7.95199
-0.149295	0.403982	7.95199
-0.149295	0.403982	7.95199
-0.149295	0.403982	7.95199
-0.149295	0.403982	7.95199
-0.149295	0.403982	7.95199
-0.149295	0.403982	7.95199
-0.149295	0.403982	7.95199
-0.149295	0.403982	7.95199
-0.149295	0.403982	7.95199
-0.149295	0.403982	7.95199
-0.149295	0.403982	7.95199
-0.149295	0.403982	7.95199
-0.149295	0.403982	7.95199
-0.149295	0.403982	7.95199
-0.149295	0.403982	7.95199
-0.149295	0.403982	7.95199
-0.149295	0.403982	7.95199
-0.149295	0.403982	7.95199
-0.149295	0.403982	7.95199
-0.149295	0.403982	7.95199
-0.149295	0.403982	7.95199
-0.149295	0.403982	7.95199
-0.149295	0.403982	7.95199
-0.149295	0.403982	7.95199
-0.149295	0.403982	7.95199
-0.149295	0.403982	7.95199
-0.149295	0.403982	7.95199
-0.149295	0.403982	7.95199
-0.149295	0.403982	7.95199
-0.149295	0.403982	7.95199
